0 2 5 6 9 
0 2 5.000000 7.000000
5 7
K 6
temp
1 2 5 
temp
2 5 7 
temp
2 5 8 
0 5 5.000000 0.000000
0 5
0 6 5.000000 1.000000
1 5
K 2
temp
1 2 5 
temp
2 5 7 
temp
2 5 8 
K 3
K 4
0 9 5.000000 4.000000
4 5
2 5 7.000000 0.000000
0 7
K 1
K 2
temp
2 3 
temp
2 4 
K 3
K 4
K 5
temp
2 3 
temp
2 3 4 
temp
2 3 4 
temp
2 4 
K 6
temp
2 3 5 
temp
2 4 5 
2 6 7.000000 1.000000
1 7
K 2
temp
2 5 
K 3
K 4
K 5
temp
2 3 5 
temp
2 4 5 
K 6
temp
2 5 
2 9 7.000000 4.000000
4 7
K 5
temp
2 3 6 
temp
2 4 6 
K 6
temp
2 5 6 
5 6 0.000000 1.000000
0 1
5 9 0.000000 4.000000
0 4
K 1
K 2
temp
2 3 6 
temp
2 4 6 
K 3
6 9 1.000000 4.000000
1 4
K 2
temp
2 5 6 
K 3
1 2 5 
2 3 
2 3 4 
2 3 5 
2 3 6 
2 4 
2 4 5 
2 4 6 
2 5 
2 5 6 
2 5 7 
2 5 8 
12
